5.070000	19.640000	1
22.290000	42.930000	2
46.900000	60.750000	3
64.040000	78.310000	4
81.000000	101.070000	5
104.990000	119.520000	6
123.360000	138.890000	7
144.060000	158.520000	8
162.730000	177.550000	9
182.580000	203.050000	10
209.420000	232.680000	11
237.230000	253.040000	12
258.110000	272.870000	13
276.910000	293.250000	14
298.130000	319.620000	15
325.320000	339.890000	16
345.410000	360.720000	17
366.520000	380.690000	18
389.400000	407.510000	19
413.750000	428.180000	20
438.920000	456.570000	21
463.690000	483.190000	22
492.870000	508.210000	23
513.080000	528.240000	24
532.220000	546.930000	25
551.070000	570.620000	26
575.450000	590.810000	27
598.470000	613.920000	28
617.460000	632.080000	29
640.180000	659.480000	30
674.770000	690.570000	31
697.630000	720.520000	32
729.250000	744.150000	33
752.330000	766.920000	34
779.500000	793.430000	35
800.990000	815.350000	36
829.160000	848.430000	37
859.850000	874.580000	38
887.040000	901.390000	39
912.520000	926.660000	40
944.890000	963.270000	41
974.330000	988.690000	42
1000.920000	1022.880000	43
1036.960000	1055.340000	44
1067.780000	1081.810000	45
1096.990000	1111.760000	46
1122.610000	1140.840000	47
1150.750000	1165.060000	48
1178.800000	1193.090000	49
1207.020000	1223.040000	50
1235.120000	1253.640000	51
1262.130000	1276.910000	52
1289.110000	1303.100000	53
1313.880000	1328.230000	54
1345.760000	1367.030000	55
1377.730000	1391.540000	56
1411.300000	1429.420000	57
1444.910000	1463.040000	58
1476.680000	1491.810000	59
1504.890000	1524.240000	60
1533.250000	1547.350000	61
1564.570000	1578.730000	62
1591.160000	1611.910000	63
1625.240000	1638.790000	64
1649.960000	1669.260000	65
1687.990000	1708.320000	66
1730.150000	1743.840000	67
1756.360000	1770.080000	68
1789.170000	1807.690000	69
1817.040000	1832.410000	70
1845.330000	1864.810000	71
1877.550000	1891.830000	72
1902.950000	1916.590000	73
1935.440000	1949.720000	74
1959.780000	1973.570000	75
1985.920000	1999.220000	76
2026.400000	2041.490000	77
2055.960000	2070.580000	78
2085.120000	2103.980000	79
2121.580000	2135.650000	80
2145.660000	2160.100000	81
2183.090000	2202.670000	82
2228.030000	2248.430000	83
2273.910000	2288.010000	84
2309.990000	2324.370000	85
2334.870000	2349.290000	86
2366.230000	2380.290000	87
2395.850000	2412.460000	88
2417.170000	2431.820000	89
2439.410000	2448.360000	90
2454.130000	2464.480000	91
2470.590000	2481.530000	92
2493.700000	2512.260000	93
2517.320000	2530.000000	94
2534.950000	2544.670000	95
2552.990000	2568.880000	96
2574.630000	2585.120000	97
2596.190000	2609.910000	98
2617.770000	2635.660000	99
2640.750000	2660.370000	100
2665.660000	2683.210000	101
2688.520000	2705.950000	102
2714.470000	2725.710000	103
2732.070000	2746.080000	104
2754.090000	2762.990000	105
2769.700000	2777.560000	106
2783.730000	2798.320000	107
2803.470000	2813.220000	108
2819.410000	2834.590000	109
2841.070000	2854.490000	110
2859.440000	2869.250000	111
2875.940000	2886.550000	112
2893.780000	2907.770000	113
2914.000000	2922.040000	114
2931.450000	2949.100000	115
2953.560000	2964.420000	116
2984.560000	2998.020000	117
3003.360000	3013.950000	118
3026.270000	3043.350000	119
3050.820000	3060.060000	120
3066.600000	3075.660000	121
3080.830000	3089.750000	122
3098.120000	3113.170000	123
3131.190000	3148.070000	124
3155.700000	3174.950000	125
3186.330000	3205.180000	126
3214.020000	3228.920000	127
3242.200000	3258.800000	128
3271.290000	3287.450000	129
3294.690000	3304.450000	130
3310.350000	3323.080000	131
3332.360000	3345.570000	132
3352.060000	3366.420000	133
3375.710000	3394.140000	134
3401.200000	3412.460000	135
3426.710000	3442.340000	136
3452.890000	3471.900000	137
3481.080000	3499.840000	138
3510.270000	3528.260000	139
3535.620000	3552.580000	140
3569.460000	3586.830000	141
3596.190000	3612.840000	142
3621.110000	3639.080000	143
3646.670000	3663.580000	144
3669.740000	3684.780000	145
3691.610000	3704.710000	146
3710.350000	3723.180000	147
3734.040000	3753.260000	148
3759.340000	3778.740000	149
3785.310000	3804.800000	150
3826.860000	3840.350000	151
3850.520000	3864.540000	152
3877.790000	3897.140000	153
3905.680000	3924.620000	154
3930.950000	3944.520000	155
3950.800000	3961.350000	156
3972.580000	3989.200000	157
3995.780000	4012.200000	158
4021.310000	4038.830000	159
4052.870000	4066.710000	160
4072.130000	4085.860000	161
4097.860000	4113.440000	162
4123.050000	4137.610000	163
4144.010000	4159.350000	164
4165.690000	4181.520000	165
4188.080000	4200.150000	166
4206.320000	4221.650000	167
4230.010000	4237.390000	168
4243.240000	4257.210000	169
4267.720000	4280.250000	170
4287.790000	4306.290000	171
4311.380000	4329.440000	172
4339.560000	4355.280000	173
4366.420000	4377.600000	174
4389.100000	4404.430000	175
4414.970000	4432.500000	176
4439.790000	4455.710000	177
4463.700000	4479.370000	178
4487.170000	4498.150000	179
4503.510000	4521.360000	180
4527.780000	4544.060000	181
4548.690000	4566.660000	182
4579.510000	4590.800000	183
4600.350000	4618.350000	184
4628.450000	4646.700000	185
4655.390000	4665.640000	186
4672.010000	4684.890000	187
4692.760000	4710.920000	188
4716.180000	4733.350000	189
4745.470000	4763.900000	190
4772.890000	4793.290000	191
4798.630000	4817.920000	192
4826.990000	4839.310000	193
4847.250000	4867.710000	194
4882.620000	4904.230000	195
4912.630000	4924.430000	196
4929.320000	4943.590000	197
4949.480000	4964.170000	198
4973.280000	4992.010000	199
4998.040000	5015.590000	200
5026.230000	5046.590000	201
5061.740000	5081.220000	202
5091.210000	5104.320000	203
5122.440000	5140.720000	204
5153.690000	5170.550000	205
5186.260000	5202.470000	206
5210.720000	5229.170000	207
5238.830000	5256.550000	208
5264.840000	5280.180000	209
5290.540000	5305.680000	210
5320.220000	5339.790000	211
5352.530000	5369.930000	212
5382.930000	5403.440000	213
5417.060000	5431.680000	214
5444.120000	5461.140000	215
5470.910000	5482.750000	216
5492.190000	5501.220000	217
5511.900000	5521.110000	218
5531.440000	5548.910000	219
5563.400000	5581.740000	220
5593.370000	5608.650000	221
5619.770000	5633.450000	222
5640.600000	5649.140000	223
5658.720000	5671.840000	224
5688.430000	5700.960000	225
5709.630000	5722.490000	226
5735.730000	5754.940000	227
5762.490000	5774.940000	228
5786.870000	5804.090000	229
5812.390000	5824.480000	230
5834.400000	5848.970000	231
5857.920000	5872.660000	232
5884.510000	5902.320000	233
5911.710000	5929.290000	234
5936.760000	5951.760000	235
5958.210000	5967.240000	236
5973.320000	5988.850000	237
6002.250000	6018.900000	238
6027.910000	6043.390000	239
6061.300000	6072.900000	240
6078.780000	6087.980000	241
6105.270000	6118.920000	242
6130.000000	6145.210000	243
6160.910000	6175.910000	244
6186.010000	6197.870000	245
6213.500000	6232.220000	246
6248.160000	6265.830000	247
6274.420000	6293.590000	248
