1.380000	13.250000	1
19.290000	31.710000	2
37.680000	49.590000	3
54.390000	65.880000	4
71.350000	87.220000	5
92.190000	108.430000	6
113.430000	122.830000	7
128.890000	137.650000	8
143.160000	153.120000	9
158.370000	174.460000	10
179.450000	193.750000	11
199.250000	214.840000	12
219.020000	237.520000	13
242.970000	254.870000	14
260.270000	276.310000	15
281.810000	292.320000	16
298.060000	310.330000	17
314.350000	323.170000	18
327.870000	338.950000	19
344.050000	362.130000	20
367.150000	378.810000	21
385.510000	395.190000	22
401.110000	409.900000	23
415.340000	424.540000	24
430.570000	443.580000	25
450.830000	470.040000	26
476.880000	491.350000	27
497.410000	510.140000	28
516.170000	526.050000	29
532.320000	548.420000	30
554.860000	570.510000	31
578.280000	589.850000	32
596.170000	610.170000	33
617.430000	625.810000	34
628.180000	640.090000	35
649.060000	658.560000	36
665.950000	677.330000	37
684.520000	703.180000	38
712.710000	724.850000	39
733.360000	746.720000	40
751.230000	761.690000	41
767.430000	778.760000	42
784.530000	795.680000	43
802.240000	813.450000	44
819.490000	832.860000	45
840.650000	851.920000	46
858.400000	873.770000	47
880.360000	894.650000	48
905.080000	918.210000	49
927.140000	941.520000	50
948.110000	966.470000	51
971.300000	988.830000	52
996.050000	1010.110000	53
1016.590000	1034.140000	54
1042.010000	1051.630000	55
1061.350000	1076.510000	56
1085.000000	1098.890000	57
1105.650000	1121.890000	58
1130.400000	1146.170000	59
1154.500000	1166.970000	60
1175.310000	1193.830000	61
1200.910000	1210.930000	62
1218.290000	1229.890000	63
1235.780000	1247.960000	64
1254.510000	1268.280000	65
1275.300000	1292.360000	66
1298.030000	1309.260000	67
1315.700000	1327.900000	68
1339.440000	1352.590000	69
1364.210000	1376.270000	70
1384.550000	1391.860000	71
1400.670000	1409.360000	72
1417.920000	1433.030000	73
1438.680000	1456.210000	74
1464.220000	1471.010000	75
1476.620000	1493.520000	76
1501.240000	1515.610000	77
1524.780000	1537.420000	78
1544.790000	1558.780000	79
1569.510000	1583.410000	80
1589.900000	1606.960000	81
1616.770000	1633.930000	82
1640.270000	1652.960000	83
1658.610000	1671.990000	84
1679.960000	1698.370000	85
1705.250000	1722.270000	86
1729.090000	1747.970000	87
1754.620000	1770.470000	88
1777.710000	1792.070000	89
1799.320000	1807.790000	90
1814.360000	1828.670000	91
1836.760000	1855.380000	92
1862.410000	1876.900000	93
1883.830000	1893.920000	94
1900.140000	1918.620000	95
1926.420000	1937.540000	96
1944.250000	1960.570000	97
1966.900000	1981.090000	98
1988.860000	1998.110000	99
2004.560000	2016.700000	100
2023.010000	2038.650000	101
2045.320000	2055.850000	102
2062.280000	2080.980000	103
2087.550000	2098.400000	104
2105.070000	2115.860000	105
2122.240000	2131.360000	106
2137.740000	2148.710000	107
2155.210000	2166.920000	108
2173.280000	2188.220000	109
2194.930000	2212.230000	110
2218.910000	2235.030000	111
2241.440000	2256.720000	112
2263.090000	2280.270000	113
2286.860000	2301.810000	114
2308.140000	2325.240000	115
2331.870000	2346.560000	116
2355.140000	2371.650000	117
2378.290000	2391.590000	118
2398.040000	2416.120000	119
2423.040000	2438.630000	120
2445.110000	2457.450000	121
2463.790000	2477.350000	122
2486.420000	2503.190000	123
2509.910000	2526.130000	124
2532.750000	2542.590000	125
2549.130000	2560.320000	126
2567.940000	2578.790000	127
2586.530000	2596.180000	128
2602.870000	2613.290000	129
2619.830000	2631.660000	130
2638.050000	2654.020000	131
2660.980000	2678.960000	132
2685.820000	2699.930000	133
2706.350000	2721.690000	134
2728.410000	2740.040000	135
2746.300000	2759.900000	136
2766.440000	2776.880000	137
2784.340000	2800.370000	138
2808.810000	2818.240000	139
2824.890000	2838.710000	140
2844.960000	2857.550000	141
2863.840000	2875.470000	142
2881.920000	2890.760000	143
2897.390000	2910.110000	144
2918.460000	2934.100000	145
2945.020000	2957.210000	146
2963.660000	2977.900000	147
2984.390000	3000.110000	148
3006.240000	3020.890000	149
3027.270000	3039.890000	150
3046.380000	3061.310000	151
3067.770000	3080.150000	152
3086.870000	3100.710000	153
3107.040000	3122.230000	154
3128.530000	3138.860000	155
3145.170000	3155.480000	156
3162.070000	3171.790000	157
3178.650000	3194.130000	158
3200.630000	3214.830000	159
3218.900000	3231.750000	160
3238.140000	3254.030000	161
3260.550000	3270.760000	162
3277.030000	3289.600000	163
3296.070000	3309.560000	164
3316.250000	3325.840000	165
3332.250000	3342.020000	166
3348.280000	3363.170000	167
3369.550000	3378.940000	168
3387.210000	3401.520000	169
3408.260000	3416.940000	170
3423.910000	3437.870000	171
3445.520000	3458.890000	172
3465.720000	3480.600000	173
3487.050000	3500.090000	174
3506.480000	3523.070000	175
3529.520000	3541.910000	176
3548.180000	3565.060000	177
3571.490000	3581.910000	178
3588.300000	3603.350000	179
3609.980000	3623.570000	180
3630.440000	3644.650000	181
3651.390000	3663.480000	182
3669.940000	3686.160000	183
3692.620000	3706.670000	184
3713.210000	3723.770000	185
3730.900000	3746.360000	186
3753.000000	3767.390000	187
3774.100000	3787.750000	188
3794.420000	3805.720000	189
3812.360000	3827.460000	190
3834.340000	3847.130000	191
3853.620000	3863.940000	192
3870.230000	3885.360000	193
3892.000000	3907.280000	194
3913.770000	3924.780000	195
3931.220000	3945.040000	196
3951.580000	3963.630000	197
3970.080000	3985.160000	198
3991.750000	4002.430000	199
4009.350000	4018.400000	200
4026.160000	4041.660000	201
4048.410000	4064.680000	202
4071.760000	4082.160000	203
4089.150000	4105.100000	204
4111.940000	4122.430000	205
4129.220000	4138.830000	206
4147.170000	4157.350000	207
4163.800000	4178.340000	208
4185.180000	4196.310000	209
4202.720000	4213.880000	210
4220.370000	4231.740000	211
4238.530000	4251.670000	212
4258.030000	4268.260000	213
4274.880000	4286.250000	214
4292.920000	4305.560000	215
4312.040000	4326.800000	216
4333.490000	4347.830000	217
4357.000000	4367.050000	218
4375.520000	4385.700000	219
4392.390000	4407.510000	220
4414.430000	4427.540000	221
4434.540000	4450.230000	222
4456.990000	4468.610000	223
4475.190000	4482.640000	224
4489.080000	4498.060000	225
4504.640000	4518.860000	226
4525.420000	4540.530000	227
4546.920000	4557.560000	228
4564.340000	4574.430000	229
4581.160000	4596.730000	230
4603.240000	4613.880000	231
4620.340000	4636.250000	232
4643.600000	4655.940000	233
4662.660000	4674.350000	234
4680.950000	4690.310000	235
4698.000000	4710.650000	236
4717.180000	4730.900000	237
4737.690000	4750.650000	238
4757.400000	4770.940000	239
4777.490000	4791.150000	240
4797.880000	4812.150000	241
